448.55768575164785
448.5617118129881
448.5634485300679
448.56362311060826
448.56353259862794
448.56430311948395
448.56445287463987
448.57150527597616
448.57933734393566
448.58169679763165
448.586956486048
448.58777034465226
448.594194818872
448.60130848410415
448.6033036668557
448.60468851840426
448.60586067671585
448.6073014228796
448.6097069293958
448.615887607376
448.61737585686
448.6179288244316
448.6196993203197
448.62114258504397
448.6223193943199
448.62540884409196
448.62790081991204
448.629980295268
448.6313674256484
448.6342589826717
448.63432905007176
448.63769008025974
448.63962835511177
448.64043336201996
448.6403600043843
448.6435889176566
448.6443102718201
448.6449225200841
448.645826056848
448.65170604312766
448.657924994976
448.65900519920405
448.66010562707993
448.66024080415644
448.66045870774775
448.6608350431838
448.66077269186803
448.66195769400423
448.6630727771438
448.663461955072
448.96155147967585
448.963168859296
448.9638229708721
448.96725927902816
448.97317592243195
448.9781400904636
448.98090579631224
448.98153291137584
448.982781910564
448.9850843480201
448.98574392414787
448.9864210108761
448.9914397072039
448.9942115408716
448.9964580140643
448.9963710306041
448.998438700016
449.0004525381038
449.0063942322079
449.0078045297838
449.0093975391517
449.011838138488
449.01561051833994
449.01569259856814
449.017055282808
449.017069592572
449.01816097355635
449.0201747893003
449.02044564296006
449.02134895043196
449.0276089446118
449.02937322456427
449.02996675297186
449.0331838430201
449.035161922904
449.0362947418438
449.03626747222006
449.0388656641399
449.0399546321798
449.04046280782404
449.0408245583036
449.0436632040961
449.045162081888
449.05096444397617
449.05711693289214
449.05817243058397
449.060746255936
449.0608064431522
449.06097383833225
449.06474276313617
